04040404040404050505050505050505050505050505050505050505050505050505050505050505050505050505050505050505050505050505050505050505
05050404040404050505050505050505050505010101010101010101010105050505050505050501010101010101010101010101010101010101010101010105
05050505050505050501010101010101010101010101010101010101010101010101010101010701070707010101010101010101010101010101010101010105
05010101010101010101010101010101010101010101010101010101010101010101010107010101010107010101010101010101010101010101010101010105
05010101010101010101010101010101010101010101010101010101010101010101070101010101010701010101010101010101010101010101010101010105
05010101010101010101010101010101010101010101010101010101010101010701010101010101010701010101010101010101010101010101010101010105
05010101010101010101010101010101010101010101070701010101010707010101010101010101070101010101010101010101010101010101010101010105
05010101010101010101010101010101010101010107010707070707070101010101010101010101070101010101010101010101010101010101010101010105
05010101010101010101010101010101010101010107010101010101010101010101010101010101070701010101010101010101010101010101010101010105
05050101010101010101010101010101070701010701010101070707070701010101010101010107070701010101010101010101010101010101010101010105
05050101010101010101010101010101070707070101010101070101070707010101010101010107010101010101010101010101010101010101010101010105
05010101010101010101010101010101070101010101070701010101010101070101010101010107070707070707010101010101010101010101010101010105
05010101010101010707070707010101010101010107010701010101010101070101010101010101010101010101010101010101010101010101010101010105
05010101010101070701010101070101070101010707010101010101010707070707010701010101010707010101010101010101010101010101010101010105
05010101010101070101010101010107010101070701010101010707070101070707070707070707070701010101010101010101010101010101010101010105
05010101010101070101010101010101070101070101010101070101010101010101010101010707070707070101010101010101010101010101010101010105
05010101010101070101010101010101010107010101010101070101010101010101010101070101070107070701010101010101010101010101010101010105
05010101010101010101010101010101070101010101010107010101010101010101010107010101010101070707010101010101010101010101010101010105
05010101010101010701010101010107010701010101010701010101010101010107070707010101010107010107010101010101010101010101010101010505
05010101010101010701010101010107010707070707070701010101010101010707070701010101010107010107010101010101010101010101010101010105
05010101010101010701010101010101010707070707070707010107070707070707070701010101010107010107010101010101010101010101010101010105
05010101010101010107010101010701070701010101010101070701010101010707070101010101010701010107010101010101010101010101010101010105
05010101010101010107010101070101070101010101070101070101010101010101010101010107070101010107010101010101010101010101010101010105
05010101010101010107010101010107010101010101010107070701010101010101010101010101010101010107010101010101010101010101010101010105
05010101010101010101010701010107010101010107010701070701010101010101010107070101010101010107010101010101010101010101010101010105
05010101010101010101010701010107010101010107070101010707070707070707070701010101010101010101010101010101010101010101010101010105
05010101010101010101070101010107010101070707070101070707070707010101010101010101010101010107010101010101010101010101010101010105
05010101010101010101010101010107070707070707070701010101010107010101010101010101010101010107010101010101010101010101010101010105
05010101010101010707010101010107070707070101010101010101010707010101010101010101010101010701010101010101010101010101010101010105
05010101010101010701010101010101010101010101010101010101010701010101010101010101010101010701010101010101010101010101010101010105
05010101010101010701010101010101010101010101010101010101070701010101010101010101010101070701010101010101010101010101010101010105
05010101010101010701010707010101010101010101010101010101070101010101010101010101010101070101010101010101010101010101010101010105
05010101010101010701010701010101010101010101010101010707010101010101010101010101010101070101010101010101010101010101010101010105
05010101010101010701010701010101010101010101010101010101010101010101010107010101010107010101010101010101010101010101010101010105
05010101010101010701010701010101010101010101010101010101010107070707070707010101010107010101010101010101010101010101010101010105
05010101010101010701010707010101010101010101010101010101010701010101010101010101010107010101010101010101010101010101010101010105
05010101010101010701010107070707070101010101010101010107070101010101010101010101010107010101010101010101010101010101010101010105
05010101010101010701010101010101010101010101010101010107010101010101010101010101010107010101010101010101010101010101010101010105
05050101010101010107070101010101010101010101010101010101010101010101010101010101010107010101010101010101010101010101010101010105
05050101010101010101010101010101010101010101010101010101010101010101010101010101010701010101010101010101010101010101010101010105
05050101010101010101010707010101010101010101010101010101010101010101010101010101010701010101010101010101010101010101010101010105
05050101010101010101010101010107070101010101010101010101010101010101010101010101010701010101010101010101010101010101010101010105
05050101010101010101010101010101010107070707010101010101010101010101010101010107010101010101010101010101010101010101010101010105
05050101010101010101010101010101010101010101070707070107070707010107070707070701010101010101010101010101010101010101010101010105
05050101010101010101010101010101010101010101010101010101010101010701010101010101010101010101010101010101010101010101010101050505
05050101010101010101010101010101010101010101010101010101010101010101010101010101010101010101010101010101010101010101010101050505
05050101010101010101010101010101010101010101010101010101010101010101010101010101010101010101010101010101010101010101010101050505
05050501010101010101010101010101010101010101010101010101010101010101010101010101010101010101010101010101010101010101010101010505
05010501010101010101010101010101010101010101010101010101010101010101010101010101010101010101010101010101010101010101010101050505
05010501010101010101010101010101010101010101010101010101010101010101010101010101010101010101010101010101010101010101010101050505
05010101010101010101010101010101010101010101010101010101010101010101010101010101010101010101010101010101010101010101010101050505
05010101010101010101010101010101010101010101010101010101010101010101010101010101010101010101010101010101010101010101010101050505
05010101010101010101010101010101010101010101010101010101010101010101010101010101010101010101010101010101010101010101010101050505
05010101010101010101010101010101010101010101010101010101010101010101010101010101010101010101010101010101010101010101010101050105
05010101010101010101010101010101010101010101010101010101010101010101010101010101010101010101010101010101010101010101010101050105
05010101010101010101010101010101010101010101010101010101010101010101010101010101010101010101010101010101010101010101010101050505
05050101010101010101010101010101010101010101010101010101010101010101010101010101010101010101010101010101010101010101010101010505
05050101010101010101010101010101010101010101010101010101010101010101010101010101010101010101010101010101010101010101010101010505
05050101010101010101010101010101010101010101010101010101010101010101010101010101010101010101010101010101010101010101010101010105
05050101010101010101010101010101010101010101010101010101010101010101010101010101010101010101010101010101010101010101010101010105
05010101010101010101010101010101010101010101010101010101010101010101010101010101010101010101010101010101010101010101010101010105
05050101010101010101010101010101010101010101010101010101010101010101010101010101010101010101010101010101010101010101010101010105
05050505050105050505050101010101010101010101010101010501010101010101010101010101010101010101010101010101010101010101010101010105
05050505050505050505050505050505050505050505050505050505050505050505050505050505050505050505050505050505050505050505050505050505
